                           1                            2                            3                            4                            5 
              version_number                 initial_mass                    initial_z                    burn_min1                    burn_min2 
                        6596      1.0000000000000000E+000      2.0000000000000000E-002      5.0000000000000000E+001      1.0000000000000000E+003 

                               1                                2                                3                                4                                5                                6 
                    log_star_age                           radius                        star_mass                       luminosity                   center_entropy                  Bolometric_Flux 
         2.3949078571670340E-001          1.7025266093270414E-001          5.1513086668007243E-005          1.2153419273224785E-005          8.2752274134620070E+000          1.6101753983582523E+007 
         6.2688061205543288E-001          1.5339889733044704E-001          5.1513086668007243E-005          2.8858681998895397E-006          8.2752512469492423E+000          1.3071632989159441E+007 
         7.6603682077858082E-001          1.4874597193150016E-001          5.1513086668007243E-005          1.9112862578632319E-006          8.2752492739758630E+000          1.2290676777757103E+007 
         8.4143443593775324E-001          1.4657040112203307E-001          5.1513086668007243E-005          1.5534041752841904E-006          8.2752573237103242E+000          1.1933777130148137E+007 
         9.0934735587638749E-001          1.4477657919863982E-001          5.1513086668007243E-005          1.2977118273082392E-006          8.2752653734526138E+000          1.1643458290914658E+007 
         9.7835658138083637E-001          1.4304113434696625E-001          5.1513086668007243E-005          1.0888336633478096E-006          8.2752573237103242E+000          1.1365989778202906E+007 
         1.0481418096767747E+000          1.4130569018311254E-001          5.1513086668007243E-005          9.2041212533693642E-007          8.2752573237103242E+000          1.1091867458715057E+007 
         1.1177563654581348E+000          1.3957764395462557E-001          5.1513086668007243E-005          7.8732640571342401E-007          8.2752573237103242E+000          1.0822238398344686E+007 
         1.1868514617289547E+000          1.3788183572663357E-001          5.1513086668007243E-005          6.8073197168479568E-007          8.2752761064545144E+000          1.0560864824755700E+007 
         1.2553169164100184E+000          1.3624104192405062E-001          5.1513086668007243E-005          5.9298390966461122E-007          8.2752650577763056E+000          1.0311011772437014E+007 
         1.3234577583161693E+000          1.3466448577502341E-001          5.1513086668007243E-005          5.1913613301088313E-007          8.2752905486775905E+000          1.0073758244232245E+007 
         1.3934603478209955E+000          1.3312233877306059E-001          5.1513086668007243E-005          4.5408423381209856E-007          8.2752888913720195E+000          9.8443545806176588E+006 
         1.4643777188200429E+000          1.3165640866268932E-001          5.1513086668007243E-005          3.9665070097285137E-007          8.2752808416068806E+000          9.6287381964003742E+006 
         1.5358637993317019E+000          1.3029093400902916E-001          5.1513086668007243E-005          3.4467669437681469E-007          8.2752888913720195E+000          9.4300449936465453E+006 
         1.6080850902304409E+000          1.2902871941049884E-001          5.1513086668007243E-005          2.9772390413572350E-007          8.2752982827746262E+000          9.2482198240052275E+006 
         1.6815094349735287E+000          1.2785704613017193E-001          5.1513086668007243E-005          2.5516150395220423E-007          8.2753076741878893E+000          9.0810214936912023E+006 
         1.7562538695055001E+000          1.2676663152066117E-001          5.1513086668007243E-005          2.1695661449832931E-007          8.2753204591541358E+000          8.9267890220933538E+006 
         1.8324854575896465E+000          1.2575083340423304E-001          5.1513086668007243E-005          1.8303891532376274E-007          8.2753204591541358E+000          8.7842990852411855E+006 
         1.9104338822483036E+000          1.2479738075114463E-001          5.1513086668007243E-005          1.5333370356039834E-007          8.2753392420416301E+000          8.6515975909723043E+006 
         1.9901350893025620E+000          1.2389536627142568E-001          5.1513086668007243E-005          1.2792591253677195E-007          8.2753456345466674E+000          8.5269849791310150E+006 
         2.0716997893164679E+000          1.2302777634324376E-001          5.1513086668007243E-005          1.0674932332453580E-007          8.2753614185309310E+000          8.4079809495026190E+006 
         2.1551413038360789E+000          1.2219661772047347E-001          5.1513086668007243E-005          8.9409943952637028E-008          8.2753835950796351E+000          8.2947583934720494E+006 
         2.2408901521290203E+000          1.2141610659118834E-001          5.1513086668007243E-005          7.5095915461023459E-008          8.2753929865896900E+000          8.1891339487971710E+006 
         2.3298961242081688E+000          1.2069281755957992E-001          5.1513086668007243E-005          6.3119295867976825E-008          8.2754168205538825E+000          8.0918574239621982E+006 
         2.4226910955400607E+000          1.2002312499634654E-001          5.1513086668007243E-005          5.3220746242186647E-008          8.2754339463254958E+000          8.0023074011580367E+006 
         2.5203513496920285E+000          1.1940216249258011E-001          5.1513086668007243E-005          4.5325909862868102E-008          8.2754467314868254E+000          7.9197186756577753E+006 
         2.6270642477780712E+000          1.1884638366218427E-001          5.1513086668007243E-005          3.9522947248990955E-008          8.2754799572145625E+000          7.8461627560023731E+006 
         2.7455642972412551E+000          1.1882575678303157E-001          5.1513086668007243E-005          3.9394429401155634E-008          8.2755115257255092E+000          7.8434394454324506E+006 
         2.8739212475464297E+000          1.1882260461638539E-001          5.1513086668007243E-005          3.9389458576841504E-008          8.2755447517134524E+000          7.8430233151093889E+006 
         3.0101555834513767E+000          1.1881803233812636E-001          5.1513086668007243E-005          3.9382287224609616E-008          8.2755934465732093E+000          7.8424197297032131E+006 
         3.1524598269934629E+000          1.1881147362795866E-001          5.1513086668007243E-005          3.9372010615050475E-008          8.2756250155171127E+000          7.8415539564299071E+006 
         3.2993108011901193E+000          1.1880206902625699E-001          5.1513086668007243E-005          3.9357231552808586E-008          8.2756565845814460E+000          7.8403125986603890E+006 
         3.4494957865375269E+000          1.1878853919019688E-001          5.1513086668007243E-005          3.9336027808866120E-008          8.2757042540968513E+000          7.8385269041079860E+006 
         3.6020874817093715E+000          1.1876915402073004E-001          5.1513086668007243E-005          3.9305612785189957E-008          8.2757358234634548E+000          7.8359687655039895E+006 
         3.7563968780435424E+000          1.1874130079021274E-001          5.1513086668007243E-005          3.9261975961298803E-008          8.2755067904411455E+000          7.8322938811655417E+006 
         3.9119222987755613E+000          1.1870129893068354E-001          5.1513086668007243E-005          3.9199986484838743E-008          8.2750158350825807E+000          7.8270176454524035E+006 
         4.0683036412568301E+000          1.1864382723388847E-001          5.1513086668007243E-005          3.9111025128267725E-008          8.2743498838437883E+000          7.8194402542825388E+006 
         4.2252849983939420E+000          1.1856147331988845E-001          5.1513086668007243E-005          3.8983582651534817E-008          8.2733365791844715E+000          7.8085886486049360E+006 
         4.3826857782487298E+000          1.1844355637617202E-001          5.1513086668007243E-005          3.8801457651490926E-008          8.2719007113125613E+000          7.7930640940812472E+006 
         4.5403791594374594E+000          1.1827523885612390E-001          5.1513086668007243E-005          3.8541922774793984E-008          8.2698637055833295E+000          7.7709307296078373E+006 
         4.6982763839136119E+000          1.1803586722963925E-001          5.1513086668007243E-005          3.8173873655808467E-008          8.2669206552169836E+000          7.7395081254976252E+006 
         4.8563154799829249E+000          1.1769722248641945E-001          5.1513086668007243E-005          3.7655138000626473E-008          8.2627666999260008E+000          7.6951625539148431E+006 
         5.0144532497368415E+000          1.1722166336086559E-001          5.1513086668007243E-005          3.6930689544285775E-008          8.2568708694822863E+000          7.6331031182021303E+006 
         5.1726596162087146E+000          1.1656072213741490E-001          5.1513086668007243E-005          3.5931587710167873E-008          8.2485764805517192E+000          7.5472689908921197E+006 
         5.3309136547010594E+000          1.1565501171453615E-001          5.1513086668007243E-005          3.4577515174501997E-008          8.2369931630623654E+000          7.4304357623954266E+006 
         5.4892008158566199E+000          1.1443685224431957E-001          5.1513086668007243E-005          3.2786964448148565E-008          8.2210044052722573E+000          7.2747349859665893E+006 
         5.6414380925929821E+000          1.1290483660071221E-001          5.1513086668007243E-005          3.0596310304311606E-008          8.2002415416486283E+000          7.0812587400853522E+006 
         5.7702282475648889E+000          1.1128401298019605E-001          5.1513086668007243E-005          2.8385667224921665E-008          8.1776590286062181E+000          6.8794057739165248E+006 
         5.8787399733013972E+000          1.0965866595023675E-001          5.1513086668007243E-005          2.6328028261641474E-008          8.1545446153366878E+000          6.6799203869056366E+006 
         5.9723969706848896E+000          1.0805022780924910E-001          5.1513086668007243E-005          2.4460340722280785E-008          8.1313292745124066E+000          6.4853996508959904E+006 
         6.0550682521657082E+000          1.0646879044109565E-001          5.1513086668007243E-005          2.2786282469924486E-008          8.1081866759264241E+000          6.2969466022692956E+006 
         6.1295637211062806E+000          1.0491890347972964E-001          5.1513086668007243E-005          2.1272003304713698E-008          8.0850839590026773E+000          6.1149492391257565E+006 
         6.1980422925351162E+000          1.0339717888834302E-001          5.1513086668007243E-005          1.9881599038136061E-008          8.0620223116745588E+000          5.9388553729395177E+006 
         6.2620538509982895E+000          1.0189707303248821E-001          5.1513086668007243E-005          1.8601867462067266E-008          8.0389807518032281E+000          5.7677813508480908E+006 
         6.3226109484231188E+000          1.0041321144348091E-001          5.1513086668007243E-005          1.7418695766491000E-008          8.0158309785920352E+000          5.6010194934099875E+006 
         6.3802670648538076E+000          9.8944658434559615E-002          5.1513086668007243E-005          1.6350300574185815E-008          7.9924321527352280E+000          5.4383866024226323E+006 
         6.4353775357464116E+000          9.7488516837187789E-002          5.1513086668007243E-005          1.5392873516918602E-008          7.9686233807575535E+000          5.2794939497656766E+006 
         6.4879965953763277E+000          9.6053201705286043E-002          5.1513086668007243E-005          1.4467078504221384E-008          7.9443441110185580E+000          5.1251792754523940E+006 
         6.5380562599103813E+000          9.4653030559476353E-002          5.1513086668007243E-005          1.3579844610609141E-008          7.9198265722888275E+000          4.9768484615537701E+006 
         6.5857824040936226E+000          9.3293315637001994E-002          5.1513086668007243E-005          1.2730320393912756E-008          7.8951282437903529E+000          4.8348880920488155E+006 
         6.6314929786539105E+000          9.1975295014668126E-002          5.1513086668007243E-005          1.1917249110985280E-008          7.8703225203083464E+000          4.6992413334740372E+006 
         6.6754334306233840E+000          9.0700953253026850E-002          5.1513086668007243E-005          1.1131632572673526E-008          7.8454345429630283E+000          4.5699250038896007E+006 
         6.7174808656508631E+000          8.9481247174163878E-002          5.1513086668007243E-005          1.0382016073670325E-008          7.8207581763422764E+000          4.4478427764058392E+006 
         6.7572754060125098E+000          8.8331338564907769E-002          5.1513086668007243E-005          9.6799205781406017E-009          7.7966663592559327E+000          4.3342603366532335E+006 
         6.7945792510157839E+000          8.7260667545297738E-002          5.1513086668007243E-005          9.0386954188489874E-009          7.7734435739039540E+000          4.2298253156831469E+006 
         6.8295002492391292E+000          8.6266337379963046E-002          5.1513086668007243E-005          8.4603053494638495E-009          7.7510929861212983E+000          4.1339773155000652E+006 
         6.8622273543733519E+000          8.5343392745253321E-002          5.1513086668007243E-005          7.9350527281350992E-009          7.7296469009544673E+000          4.0459934723857087E+006 
         6.8929256880970629E+000          8.4487224924069293E-002          5.1513086668007243E-005          7.4592012739928911E-009          7.7090819113675417E+000          3.9652215795870158E+006 
         6.9217429370701833E+000          8.3693059737456499E-002          5.1513086668007243E-005          7.0284173958459966E-009          7.6894693196261299E+000          3.8910271502966550E+006 
         6.9488307329720307E+000          8.2956116253872170E-002          5.1513086668007243E-005          6.6375847475350080E-009          7.6707404598401014E+000          3.8228054210180836E+006 
         6.9742869698129217E+000          8.2272690036456722E-002          5.1513086668007243E-005          6.2842025540552474E-009          7.6528575104311951E+000          3.7600772289743503E+006 
         6.9982159160229500E+000          8.1638798626382500E-002          5.1513086668007243E-005          5.9638457034193100E-009          7.6358516104974292E+000          3.7023594472594936E+006 
         7.0207068247514854E+000          8.1051002773110781E-002          5.1513086668007243E-005          5.6721069362342402E-009          7.6196642650109494E+000          3.6492377164157568E+006 
         7.0418416374975061E+000          8.0506073832771669E-002          5.1513086668007243E-005          5.4064450294218434E-009          7.6042986918478261E+000          3.6003329454537951E+006 
         7.0616976903581410E+000          8.0000951285493421E-002          5.1513086668007243E-005          5.1645233639152968E-009          7.5897343476217447E+000          3.5552952489250698E+006 
         7.0803479266364846E+000          7.9532692902361146E-002          5.1513086668007243E-005          4.9442496960236200E-009          7.5759145798108269E+000          3.5137976262854170E+006 
         7.0978607658654891E+000          7.9098512060625750E-002          5.1513086668007243E-005          4.7433500535358809E-009          7.5628598704391399E+000          3.4755376541395918E+006 
         7.1141238481792106E+000          7.8700038766174735E-002          5.1513086668007243E-005          4.5627537331351705E-009          7.5506629118591491E+000          3.4406085376146920E+006 
         7.1294347237822215E+000          7.8329054899505896E-002          5.1513086668007243E-005          4.3977038863716260E-009          7.5391066577228196E+000          3.4082476431150804E+006 
         7.1440411186977837E+000          7.7978911162598419E-002          5.1513086668007243E-005          4.2447984633116501E-009          7.5280192945201909E+000          3.3778448947864133E+006 
         7.1580511871395105E+000          7.7646515751429043E-002          5.1513086668007243E-005          4.1022916769854982E-009          7.5173752897218602E+000          3.3491092500687190E+006 
         7.1714049252163274E+000          7.7332803725938745E-002          5.1513086668007243E-005          3.9702081038662756E-009          7.5071500410451302E+000          3.3221013830583706E+006 
         7.1840804848485424E+000          7.7037819041704078E-002          5.1513086668007243E-005          3.8481894872982008E-009          7.4974291106101374E+000          3.2968055204326054E+006 
         7.1960773674805862E+000          7.6761125055676435E-002          5.1513086668007243E-005          3.7358705045136694E-009          7.4882051470241393E+000          3.2731660118745146E+006 
         7.2074138802900904E+000          7.6501878379222371E-002          5.1513086668007243E-005          3.6321460695871825E-009          7.4794493122558263E+000          3.2510943060304071E+006 
         7.2181140756323483E+000          7.6259181063916368E-002          5.1513086668007243E-005          3.5365783291573581E-009          7.4711591350205504E+000          3.2304992487580949E+006 
         7.2282001168081536E+000          7.6032183879242543E-002          5.1513086668007243E-005          3.4485509270069113E-009          7.4633396371809626E+000          3.2112957164613954E+006 
         7.2376619985072042E+000          7.5820816227116991E-002          5.1513086668007243E-005          3.3677118781550392E-009          7.4559891462143781E+000          3.1934658836880629E+006 
         7.2465009768544792E+000          7.5624725673906504E-002          5.1513086668007243E-005          3.2937771435799027E-009          7.4491032372633867E+000          3.1769691282765507E+006 
         7.2548413919892054E+000          7.5440900700648600E-002          5.1513086668007243E-005          3.2253549106650102E-009          7.4426142000908069E+000          3.1615430497665680E+006 
         7.2627001159414082E+000          7.5268777947809465E-002          5.1513086668007243E-005          3.1620528614986583E-009          7.4364724281071943E+000          3.1471330226767543E+006 
         7.2701209199056880E+000          7.5107208721356719E-002          5.1513086668007243E-005          3.1033136434003478E-009          7.4306791257452698E+000          3.1336364808256817E+006 
         7.2771810375489450E+000          7.4954342042365202E-002          5.1513086668007243E-005          3.0483493920866310E-009          7.4251588502073185E+000          3.1208935997210704E+006 
         7.2839453273915744E+000          7.4808659167214908E-002          5.1513086668007243E-005          2.9965225094610390E-009          7.4198540365200136E+000          3.1087737172419913E+006 
         7.2904655580748772E+000          7.4668962284888118E-002          5.1513086668007243E-005          2.9473284363892314E-009          7.4147524903252719E+000          3.0971739770381628E+006 
         7.2967838319944329E+000          7.4534271108359890E-002          5.1513086668007243E-005          2.9003641591942575E-009          7.4098138006852112E+000          3.0860104159951974E+006 
         7.3029335385450622E+000          7.4403805381179036E-002          5.1513086668007243E-005          2.8553129991781326E-009          7.4049788206008955E+000          3.0752162883355375E+006 
         7.3089414355651883E+000          7.4276957515930372E-002          5.1513086668007243E-005          2.8119246196850785E-009          7.4002868729961166E+000          3.0647396171474489E+006 
         7.3148292752006174E+000          7.4153214053243599E-002          5.1513086668007243E-005          2.7699940314009563E-009          7.3956525591945148E+000          3.0545365716285449E+006 
         7.3206161348219982E+000          7.4032153776435516E-002          5.1513086668007243E-005          2.7294099188916305E-009          7.3911018547797109E+000          3.0445712262463565E+006 
         7.3263224016639450E+000          7.3913311464606418E-002          5.1513086668007243E-005          2.6898676136254824E-009          7.3866396105082037E+000          3.0348042952481229E+006 
         7.3319597022495575E+000          7.3796438905319159E-002          5.1513086668007243E-005          2.6519023053522823E-009          7.3822184294013731E+000          3.0252145495941658E+006 
         7.3375385353197373E+000          7.3681252439575920E-002          5.1513086668007243E-005          2.6144569517473139E-009          7.3778490061084296E+000          3.0157780015885136E+006 
         7.3430662352640406E+000          7.3567613830486711E-002          5.1513086668007243E-005          2.5778371374273189E-009          7.3735171879589725E+000          3.0064827052641916E+006 
         7.3485495073843028E+000          7.3455355963638294E-002          5.1513086668007243E-005          2.5419814557710423E-009          7.3692091371884869E+000          2.9973144362770738E+006 
         7.3539941951934864E+000          7.3344365452658267E-002          5.1513086668007243E-005          2.5068351555612942E-009          7.3649541041551716E+000          2.9882634386229482E+006 
         7.3594040446894375E+000          7.3234491899945908E-002          5.1513086668007243E-005          2.4723281682210457E-009          7.3606874885972653E+000          2.9793170065380489E+006 
         7.3647775829587312E+000          7.3125868862760554E-002          5.1513086668007243E-005          2.4385192013992680E-009          7.3564935014008199E+000          2.9704855815753075E+006 
         7.3701193396114313E+000          7.3018339373299851E-002          5.1513086668007243E-005          2.4053345778901875E-009          7.3523004314055900E+000          2.9617559771860885E+006 
         7.3754333841318926E+000          7.2911815054953893E-002          5.1513086668007243E-005          2.3727330525449900E-009          7.3481225754941342E+000          2.9531206424708050E+006 
         7.3807232635363045E+000          7.2806225291286428E-002          5.1513086668007243E-005          2.3406908382700255E-009          7.3439917775559005E+000          2.9445735085246288E+006 
         7.3859921030047246E+000          7.2701488922322866E-002          5.1513086668007243E-005          2.3091752760805843E-009          7.3398576319068445E+000          2.9361076910236641E+006 
         7.3912426242190410E+000          7.2597563531626663E-002          5.1513086668007243E-005          2.2786772224093979E-009          7.3357553362172236E+000          2.9277194709117361E+006 
         7.3964781414208742E+000          7.2494340746532257E-002          5.1513086668007243E-005          2.2482781518814073E-009          7.3316609269394437E+000          2.9193998387799663E+006 
         7.4017000192336955E+000          7.2391803917401340E-002          5.1513086668007243E-005          2.2183359037248935E-009          7.3275658679250455E+000          2.9111472138125682E+006 
         7.4069099514657282E+000          7.2289933703865175E-002          5.1513086668007243E-005          2.1888394442033419E-009          7.3234941885226164E+000          2.9029598082702840E+006 
         7.4121095806448256E+000          7.2188681184787704E-002          5.1513086668007243E-005          2.1597708666584681E-009          7.3194316123576888E+000          2.8948334722464159E+006 
         7.4173003644839124E+000          7.2088022753940550E-002          5.1513086668007243E-005          2.1311180482554469E-009          7.3153727548948444E+000          2.8867661066601751E+006 
         7.4224835985788609E+000          7.1987924198747999E-002          5.1513086668007243E-005          2.1028681044972350E-009          7.3113300934396248E+000          2.8787547759153577E+006 
         7.4276604420932566E+000          7.1888368994825258E-002          5.1513086668007243E-005          2.0757178290343986E-009          7.3072659722674018E+000          2.8707979734476102E+006 
         7.4328332681476841E+000          7.1789250468045726E-002          5.1513086668007243E-005          2.0485197880062221E-009          7.3032348950291714E+000          2.8628870108312513E+006 
         7.4380020446254935E+000          7.1690612142041962E-002          5.1513086668007243E-005          2.0216891414594793E-009          7.2992045797243383E+000          2.8550252103957073E+006 
         7.4431673466827819E+000          7.1592421592456407E-002          5.1513086668007243E-005          1.9952201814461276E-009          7.2951859503915140E+000          2.8472098352537891E+006 
         7.4483298289543267E+000          7.1494666946510313E-002          5.1513086668007243E-005          1.9691044576199910E-009          7.2911378956374513E+000          2.8394397957971096E+006 
         7.4534900965994932E+000          7.1397335554800129E-002          5.1513086668007243E-005          1.9433372450661960E-009          7.2871086269832368E+000          2.8317139466161020E+006 
         7.4586487119374372E+000          7.1300414843265422E-002          5.1513086668007243E-005          1.9179113685739532E-009          7.2830857524194483E+000          2.8240311543500572E+006 
         7.4638061830077209E+000          7.1203882456321962E-002          5.1513086668007243E-005          1.8928239797186254E-009          7.2790691943951149E+000          2.8163895178335207E+006 
         7.4689629785956306E+000          7.1107731268442220E-002          5.1513086668007243E-005          1.8680681706805985E-009          7.2750510355502325E+000          2.8087883492023028E+006 
         7.4741195424182756E+000          7.1011952435466347E-002          5.1513086668007243E-005          1.8436485747890223E-009          7.2710235840293347E+000          2.8012268285366846E+006 
         7.4793904462947411E+000          7.0914429708840723E-002          5.1513086668007243E-005          1.8190157475272218E-009          7.2669181783927064E+000          2.7935381033662274E+006 
         7.4848506815992915E+000          7.0813800118983888E-002          5.1513086668007243E-005          1.7938482978603514E-009          7.2626667989146503E+000          2.7856155087302034E+006 
         7.4904801545724959E+000          7.0710469301111828E-002          5.1513086668007243E-005          1.7682897930016046E-009          7.2582821642091675E+000          2.7774919531046236E+006 
         7.4962616541269336E+000          7.0604785929597361E-002          5.1513086668007243E-005          1.7424383875799176E-009          7.2537853410671902E+000          2.7691957175006187E+006 
         7.5021799885471960E+000          7.0497038617112040E-002          5.1513086668007243E-005          1.7179355348702743E-009          7.2491836620851249E+000          2.7607502353944606E+006 
         7.5082215589767252E+000          7.0387424770077658E-002          5.1513086668007243E-005          1.6921999833860904E-009          7.2444908027083059E+000          2.7521716852862267E+006 
         7.5143699560887098E+000          7.0276307529441542E-002          5.1513086668007243E-005          1.6664343749494348E-009          7.2396932042458424E+000          2.7434891020629043E+006 
         7.5206124494287501E+000          7.0163935421245646E-002          5.1513086668007243E-005          1.6407201507966007E-009          7.2348532448276943E+000          2.7347224156725234E+006 
         7.5269375489825157E+000          7.0050547007717026E-002          5.1513086668007243E-005          1.6160941176052128E-009          7.2299159225397185E+000          2.7258906625156365E+006 
         7.5333377295570827E+000          6.9936171777758627E-002          5.1513086668007243E-005          1.5909676953479396E-009          7.2249350470041271E+000          2.7169965179463918E+006 
         7.5398016599844304E+000          6.9821094840814182E-002          5.1513086668007243E-005          1.5660399642014649E-009          7.2199109883179826E+000          2.7080624744662633E+006 
         7.5463208289381001E+000          6.9705459478572693E-002          5.1513086668007243E-005          1.5413475233167430E-009          7.2148418459845232E+000          2.6990998973690071E+006 
         7.5528881489966908E+000          6.9589425227374491E-002          5.1513086668007243E-005          1.5178021851286307E-009          7.2097341143273574E+000          2.6901213362713368E+006 
         7.5594999971194383E+000          6.9472952723091660E-002          5.1513086668007243E-005          1.4940341370275772E-009          7.2045759251290065E+000          2.6811239071323103E+006 
         7.5661490577415131E+000          6.9356233373852452E-002          5.1513086668007243E-005          1.4705697649863032E-009          7.1993980823129959E+000          2.6721225290178801E+006 
         7.5728384992929012E+000          6.9239192646625147E-002          5.1513086668007243E-005          1.4474124130197823E-009          7.1942066711862100E+000          2.6631115645026825E+006 
         7.5796585087607982E+000          6.9120321258046305E-002          5.1513086668007243E-005          1.4241236834778307E-009          7.1888772917645962E+000          2.6539752354317452E+006 
         7.5865601213323099E+000          6.9000393255778766E-002          5.1513086668007243E-005          1.4021902980640917E-009          7.1835069193779795E+000          2.6447736050159321E+006 
         7.5939011399045730E+000          6.8873237435109244E-002          5.1513086668007243E-005          1.3786279410112642E-009          7.1777665930303103E+000          2.6350348637581002E+006 
         7.6018764345366732E+000          6.8735611634905755E-002          5.1513086668007243E-005          1.3535742154746453E-009          7.1715468187551643E+000          2.6245144798150109E+006 
         7.6106759623060025E+000          6.8584354983762155E-002          5.1513086668007243E-005          1.3265715571895182E-009          7.1646503572476750E+000          2.6129763999681957E+006 
         7.6205184543981641E+000          6.8415929004943504E-002          5.1513086668007243E-005          1.2980010439211456E-009          7.1569371338572765E+000          2.6001585283490052E+006 
         7.6316536545713261E+000          6.8226182198451002E-002          5.1513086668007243E-005          1.2662823236297261E-009          7.1481864035604499E+000          2.5857558119585160E+006 
         7.6443614118694807E+000          6.8010710112453410E-002          5.1513086668007243E-005          1.2311089587921447E-009          7.1381870773190874E+000          2.5694489229723811E+006 
         7.6589726212479494E+000          6.7764364974797653E-002          5.1513086668007243E-005          1.1921264557776934E-009          7.1266436754134803E+000          2.5508687643911811E+006 
         7.6758720202142436E+000          6.7481244298297965E-002          5.1513086668007243E-005          1.1492034787690766E-009          7.1132187777852725E+000          2.5295981452149805E+006 
         7.6954988999918017E+000          6.7154655591823390E-002          5.1513086668007243E-005          1.1020579241400657E-009          7.0975541180441715E+000          2.5051724231972983E+006 
         7.7183181640674414E+000          6.6777903253171830E-002          5.1513086668007243E-005          1.0497376663843635E-009          7.0791946427011281E+000          2.4771421395041747E+006 
         7.7448351504711717E+000          6.6344218223044732E-002          5.1513086668007243E-005          9.9274994430732906E-010          7.0576979610481514E+000          2.4450713219139250E+006 
         7.7754021411742951E+000          6.5849379466292463E-002          5.1513086668007243E-005          9.3198590221592829E-010          7.0325716239869065E+000          2.4087334491927773E+006 
         7.8087297883919193E+000          6.5315126471288176E-002          5.1513086668007243E-005          8.7074354958391919E-010          7.0047013598970569E+000          2.3698066528187138E+006 
         7.8425695456925890E+000          6.4777497255304017E-002          5.1513086668007243E-005          8.1265032742380120E-010          6.9758196181205676E+000          2.3309539797190693E+006 
         7.8761576968064855E+000          6.4249140949566838E-002          5.1513086668007243E-005          7.5782907889924718E-010          6.9465630680406951E+000          2.2930842987107136E+006 
         7.9093237692606078E+000          6.3733561207106298E-002          5.1513086668007243E-005          7.0637337130683342E-010          6.9170595351981961E+000          2.2564293605861417E+006 
         7.9420715729419964E+000          6.3231288257695126E-002          5.1513086668007243E-005          6.5739911711689044E-010          6.8873213600081638E+000          2.2210044582612826E+006 
         7.9744238035538544E+000          6.2743204666407551E-002          5.1513086668007243E-005          6.0983193669394336E-010          6.8574572885044933E+000          2.1868488364238758E+006 
         8.0064049904807764E+000          6.2271322894249553E-002          5.1513086668007243E-005          5.6184734260246181E-010          6.8276642380811845E+000          2.1540786391473231E+006 
         8.0380514247459462E+000          6.1818372116448958E-002          5.1513086668007243E-005          5.1397576725519717E-010          6.7981209541631333E+000          2.1228558211843949E+006 
         8.0695385572724465E+000          6.1383535698152573E-002          5.1513086668007243E-005          4.6835909533416476E-010          6.7688376419691307E+000          2.0930961099385170E+006 
         8.1011097345725904E+000          6.0963719625571719E-002          5.1513086668007243E-005          4.2610173713772161E-010          6.7396723065225776E+000          2.0645636863673783E+006 
         8.1329384188659155E+000          6.0556609162599667E-002          5.1513086668007243E-005          3.8701270364581558E-010          6.7105980790688218E+000          2.0370817980645460E+006 
         8.1650336100245902E+000          6.0161628905050411E-002          5.1513086668007243E-005          3.5163813243563402E-010          6.6815944747470386E+000          2.0105947446791199E+006 
         8.1973992376759206E+000          5.9777600548538930E-002          5.1513086668007243E-005          3.1958801259620216E-010          6.6525929527585879E+000          1.9850083014864668E+006 
         8.2303184380739403E+000          5.9400696608811490E-002          5.1513086668007243E-005          2.9015369054578935E-010          6.6247148888136698E+000          1.9600558498182998E+006 
         8.2637657842145380E+000          5.9030452418285154E-002          5.1513086668007243E-005          2.6364928079257857E-010          6.6138948636544113E+000          1.9356979653789508E+006 
         8.2975395717790779E+000          5.8668040290147147E-002          5.1513086668007243E-005          2.3989559522172839E-010          6.6030959050733564E+000          1.9120028409201044E+006 
         8.3315628546656768E+000          5.8313674192120475E-002          5.1513086668007243E-005          2.1863421618470018E-010          6.5923346891823176E+000          1.8889748781459127E+006 
         8.3659283522474777E+000          5.7965579902449361E-002          5.1513086668007243E-005          1.9945877907666553E-010          6.5816615202036317E+000          1.8664903122974448E+006 
         8.4005278138884645E+000          5.7624167136366797E-002          5.1513086668007243E-005          1.8209275497233516E-010          6.5710962932150112E+000          1.8445680969507571E+006 
         8.4353032221024762E+000          5.7289322942812602E-002          5.1513086668007243E-005          1.6628470346139018E-010          6.5605681527047990E+000          1.8231934397979430E+006 
         8.4702106933413184E+000          5.6960849082986521E-002          5.1513086668007243E-005          1.5173081096671357E-010          6.5501141792990270E+000          1.8023464647501661E+006 
         8.5052031329674058E+000          5.6639888112578536E-002          5.1513086668007243E-005          1.3842058717850060E-010          6.5396845623121092E+000          1.7820920945203335E+006 
         8.5403030699209950E+000          5.6327835609426662E-002          5.1513086668007243E-005          1.2624023493555757E-010          6.5293061880728791E+000          1.7625096268302754E+006 
         8.5755423459902591E+000          5.6025906401313406E-002          5.1513086668007243E-005          1.1513550911484900E-010          6.5189849293552449E+000          1.7436654123119540E+006 
         8.6110091318873625E+000          5.5731669595301445E-002          5.1513086668007243E-005          1.0501871138369158E-010          6.5087594833830780E+000          1.7253987440740555E+006 
         8.6467136617703702E+000          5.5440002878404608E-002          5.1513086668007243E-005          9.5731488629662479E-011          6.4884692968100106E+000          1.7073865597546943E+006 
         8.6825494180182883E+000          5.5153743047696421E-002          5.1513086668007243E-005          8.6963314438990609E-011          6.4583037046608922E+000          1.6898001839850538E+006 
         8.7182259784760348E+000          5.4882489453013161E-002          5.1513086668007243E-005          7.8686920030736061E-011          6.4286301936996217E+000          1.6732197236270914E+006 
         8.7540685881220792E+000          5.4626302337125614E-002          5.1513086668007243E-005          7.1235217798726546E-011          6.3989198306370039E+000          1.6576352678106092E+006 
         8.7904875906479543E+000          5.4381779596820397E-002          5.1513086668007243E-005          6.4242067706547862E-011          6.3692389584899969E+000          1.6428283958030967E+006 
         8.8272757109163642E+000          5.4135706588944683E-002          5.1513086668007243E-005          5.7807323044455825E-011          6.3399388127289349E+000          1.6279947101060045E+006 
         8.8642935642488503E+000          5.3896611861067603E-002          5.1513086668007243E-005          5.1973299430471428E-011          6.3108435702252406E+000          1.6136461253822125E+006 
         8.9016627788752682E+000          5.3664449838283286E-002          5.1513086668007243E-005          4.6663010545689237E-011          6.2816002271302995E+000          1.5997743633645354E+006 
         8.9394194771922653E+000          5.3438040676851893E-002          5.1513086668007243E-005          4.1765737684862142E-011          6.2524325855489140E+000          1.5863040116277044E+006 
         8.9771096147044531E+000          5.3218603265832547E-002          5.1513086668007243E-005          3.7388109754977755E-011          6.2240095875938470E+000          1.5733027961898879E+006 
         9.0148392689946526E+000          5.3006029297316327E-002          5.1513086668007243E-005          3.3414785715581243E-011          6.1964061493372382E+000          1.5607592397570161E+006 
         9.0527523062951456E+000          5.2799978347235280E-002          5.1513086668007243E-005          2.9835400515928159E-011          6.1695082382361699E+000          1.5486485098389692E+006 
         9.0909393099689613E+000          5.2599222334034842E-002          5.1513086668007243E-005          2.6588472996722503E-011          6.1430560911159571E+000          1.5368943592637065E+006 
         9.1293006284591094E+000          5.2404285209300835E-002          5.1513086668007243E-005          2.3663400848447375E-011          6.1171650856853805E+000          1.5255237500823569E+006 
         9.1678826702402851E+000          5.2216459137950498E-002          5.1513086668007243E-005          2.1096984788290639E-011          6.0917251994663326E+000          1.5146078626010488E+006 
         9.2070989135914161E+000          5.2033541411073830E-002          5.1513086668007243E-005          1.8784538654266465E-011          6.0663876985355252E+000          1.5040149050537681E+006 
         9.2469897233352931E+000          5.1855004430624560E-002          5.1513086668007243E-005          1.6739284019040249E-011          6.0411186548679350E+000          1.4937114893371235E+006 
         9.2875969036772723E+000          5.1680028136706524E-002          5.1513086668007243E-005          1.4905719833989408E-011          6.0158184368079777E+000          1.4836479231263334E+006 
         9.3288119438893560E+000          5.1508363269008074E-002          5.1513086668007243E-005          1.3274910843144436E-011          5.9904983177479929E+000          1.4738078656409672E+006 
         9.3705510595126196E+000          5.1339692595993809E-002          5.1513086668007243E-005          1.1815767741516331E-011          5.9651585329120786E+000          1.4641713277239236E+006 
         9.4126549941141384E+000          5.1174361350151590E-002          5.1513086668007243E-005          1.0512414761214347E-011          5.9398545031399017E+000          1.4547562541834207E+006 
         9.4550254161719653E+000          5.1012359027300676E-002          5.1513086668007243E-005          9.3531796397792422E-012          5.9146593917135517E+000          1.4455602095023100E+006 
         9.4976207023803330E+000          5.0853361749143011E-002          5.1513086668007243E-005          8.3256229905152130E-012          5.8894092223422554E+000          1.4365630975938414E+006 
         9.5403810097315613E+000          5.0697381815498939E-002          5.1513086668007243E-005          7.4051549631940395E-012          5.8640357663220977E+000          1.4277640187528809E+006 
         9.5831946703041986E+000          5.0544471415307192E-002          5.1513086668007243E-005          6.5811959943503229E-012          5.8385399911296343E+000          1.4191643349866061E+006 
         9.6258834279382146E+000          5.0394678105340346E-002          5.1513086668007243E-005          5.8603937481276686E-012          5.8130959697805888E+000          1.4107651445399907E+006 
         9.6684405619939788E+000          5.0247523598648307E-002          5.1513086668007243E-005          5.2247379974088364E-012          5.7876539305248729E+000          1.4025381905906522E+006 
         9.7108216559069795E+000          5.0103856559463103E-002          5.1513086668007243E-005          4.6452860819490281E-012          5.7622063023459758E+000          1.3945294198544556E+006 
         9.7531308809326607E+000          4.9962468622482235E-002          5.1513086668007243E-005          4.1364621005108037E-012          5.7366669334157150E+000          1.3866700870597588E+006 
         9.7950684935426739E+000          4.9821182069152717E-002          5.1513086668007243E-005          3.7881626801641619E-012          5.7107394172188632E+000          1.3788385755629756E+006 
         9.8373546512054268E+000          4.9673570445135339E-002          5.1513086668007243E-005          3.5350359581682150E-012          5.6832327101328852E+000          1.3706801547127231E+006 
         9.8793134719647018E+000          4.9522454720761541E-002          5.1513086668007243E-005          3.3035486934182168E-012          5.6542504927944357E+000          1.3623531406616126E+006 
         9.9198626207709868E+000          4.9372911444554073E-002          5.1513086668007243E-005          3.0848032893436582E-012          5.6226986999353015E+000          1.3541377503050726E+006 
         9.9586847934521199E+000          4.9226137823723808E-002          5.1513086668007243E-005          2.8822999028155442E-012          5.5889056694740340E+000          1.3460986748384188E+006 
         9.9958279228885694E+000          4.9082254771377232E-002          5.1513086668007243E-005          2.6941034278048442E-012          5.5540062369706504E+000          1.3382411528018897E+006 
         1.0000000000000000E+001          4.9065782609537693E-002          5.1513086668007243E-005          2.6742170149472229E-012          5.5490748570925108E+000          1.3373430674967375E+006 
